304 52 1
305 55 1
304 55 1
306 53 1
302 55 1
303 56 1
305 55 1
300 55 1
300 52 1
304 54 1
300 51 1
303 54 1
304 52 1
304 51 1
305 56 1
302 52 1
322 44 1
322 43 1
323 43 1
324 44 1
324 43 1
324 45 1
323 41 1
326 46 1
324 44 1
324 43 1
322 46 1
324 43 1
324 45 1
326 46 1
324 46 1
324 45 1
308 49 1
307 46 1
307 48 1
309 47 1
307 48 1
306 49 1
308 48 1
308 47 1
305 49 1
306 51 1
305 51 1
306 49 1
305 47 1
307 48 1
304 51 1
307 50 1
315 47 1
312 45 1
314 44 1
314 44 1
313 42 1
310 41 1
312 44 1
311 42 1
314 45 1
312 43 1
311 47 1
314 45 1
314 44 1
316 45 1
314 45 1
315 42 1
293 53 1
288 52 1
290 54 1
293 50 1
288 54 1
291 54 1
290 54 1
291 50 1
291 52 1
292 52 1
288 53 1
287 52 1
289 54 1
290 55 1
290 55 1
288 53 1
277 53 1
280 52 1
278 50 1
277 50 1
277 54 1
279 54 1
277 52 1
280 52 1
279 55 1
282 53 1
278 52 1
280 55 1
279 50 1
280 54 1
279 55 1
277 53 1
269 48 1
270 45 1
272 45 1
272 46 1
270 46 1
272 48 1
269 45 1
272 48 1
273 44 1
272 47 1
270 45 1
271 47 1
273 44 1
272 45 1
272 46 1
275 43 1
284 56 1
288 59 1
284 57 1
284 54 1
285 58 1
287 56 1
287 58 1
282 56 1
287 59 1
284 60 1
285 54 1
283 56 1
286 57 1
285 54 1
283 57 1
285 59 1
276 41 1
277 41 1
277 42 1
276 41 1
279 41 1
282 43 1
276 42 1
281 42 1
280 40 1
278 41 1
279 40 1
280 38 1
279 43 1
281 44 1
277 42 1
279 41 1
268 41 1
271 38 1
269 39 1
268 41 1
267 38 1
268 41 1
268 36 1
269 40 1
268 39 1
268 37 1
267 41 1
268 39 1
268 39 1
267 39 1
268 40 1
268 38 1
264 48 1
267 49 1
264 47 1
261 50 1
264 48 1
263 49 1
263 44 1
264 50 1
263 47 1
263 44 1
267 47 1
263 47 1
264 50 1
262 46 1
265 48 1
263 47 1
290 40 1
285 37 1
290 40 1
286 36 1
288 40 1
287 36 1
287 39 1
289 38 1
290 41 1
291 40 1
290 38 1
288 37 1
288 42 1
290 38 1
290 37 1
290 39 1
268 45 1
272 45 1
274 44 1
272 47 1
272 47 1
273 43 1
273 43 1
269 44 1
268 46 1
271 44 1
272 46 1
273 45 1
270 44 1
270 41 1
272 46 1
269 43 1
256 49 1
256 51 1
258 49 1
254 51 1
256 53 1
258 50 1
253 49 1
256 52 1
258 49 1
257 52 1
254 50 1
257 50 1
254 47 1
254 51 1
257 52 1
253 49 1
272 53 1
271 50 1
271 50 1
269 53 1
275 50 1
272 50 1
272 48 1
273 50 1
269 49 1
270 49 1
269 51 1
274 51 1
272 53 1
272 49 1
270 48 1
270 50 1
275 57 1
279 56 1
276 52 1
278 57 1
277 55 1
276 55 1
274 51 1
276 53 1
276 56 1
277 51 1
277 54 1
277 53 1
279 55 1
276 57 1
276 54 1
279 54 1
240 46 1
239 49 1
238 46 1
243 49 1
240 47 1
244 47 1
239 45 1
241 46 1
241 44 1
242 46 1
243 46 1
240 48 1
239 47 1
239 48 1
244 50 1
241 45 1
240 51 1
240 52 1
239 52 1
244 52 1
242 51 1
238 50 1
240 52 1
239 50 1
240 51 1
239 53 1
239 49 1
241 50 1
244 50 1
241 47 1
242 50 1
244 49 1
251 43 1
252 42 1
254 45 1
254 43 1
253 44 1
253 45 1
256 45 1
252 45 1
254 43 1
253 43 1
256 45 1
253 44 1
255 45 1
254 41 1
256 47 1
254 46 1
221 52 1
220 52 1
221 49 1
221 51 1
220 47 1
221 51 1
222 46 1
220 51 1
222 51 1
217 46 1
221 51 1
218 50 1
218 49 1
219 48 1
221 52 1
219 48 1
317 73 1
320 73 1
315 71 1
316 75 1
316 72 1
317 70 1
317 71 1
317 72 1
319 75 1
317 73 1
317 69 1
319 71 1
315 74 1
319 73 1
316 73 1
315 70 1
399 76 1
398 76 1
394 77 1
396 76 1
393 78 1
394 74 1
397 78 1
398 76 1
396 75 1
395 77 1
396 78 1
396 76 1
396 74 1
399 74 1
394 76 1
398 74 1
339 63 1
341 60 1
338 61 1
341 58 1
341 60 1
340 60 1
341 61 1
340 62 1
340 60 1
343 61 1
341 61 1
341 59 1
339 62 1
339 59 1
341 61 1
341 57 1
328 63 1
328 60 1
329 61 1
327 63 1
329 62 1
329 61 1
331 61 1
328 61 1
326 60 1
327 61 1
327 60 1
330 63 1
328 64 1
330 62 1
330 61 1
328 58 1
300 66 1
298 66 1
296 66 1
296 67 1
296 68 1
296 68 1
296 70 1
295 67 1
294 65 1
297 69 1
297 67 1
299 67 1
297 69 1
299 69 1
298 68 1
297 66 1
276 47 1
275 45 1
278 46 1
276 47 1
277 49 1
278 49 1
276 46 1
278 48 1
275 49 1
279 49 1
277 45 1
275 46 1
278 46 1
274 49 1
278 45 1
274 47 1
289 46 1
287 50 1
291 49 1
291 47 1
286 50 1
287 46 1
287 49 1
286 47 1
289 47 1
288 49 1
288 47 1
289 48 1
287 49 1
288 50 1
290 49 1
288 46 1
285 49 1
283 48 1
282 51 1
282 46 1
281 45 1
282 47 1
282 47 1
279 49 1
282 48 1
285 51 1
280 47 1
284 49 1
282 47 1
284 51 1
285 46 1
280 50 1
302 71 1
304 70 1
303 69 1
302 68 1
303 73 1
304 69 1
303 72 1
307 68 1
306 69 1
304 72 1
304 70 1
301 70 1
304 68 1
303 73 1
303 70 1
304 71 1
310 81 1
309 80 1
307 82 1
310 83 1
308 81 1
310 83 1
312 80 1
309 80 1
310 80 1
309 78 1
310 83 1
310 83 1
312 78 1
306 79 1
307 82 1
312 80 1
322 57 1
320 56 1
322 60 1
321 59 1
317 61 1
320 61 1
322 60 1
320 59 1
319 58 1
320 58 1
320 61 1
319 56 1
320 56 1
320 60 1
321 61 1
320 56 1
274 43 1
274 41 1
274 41 1
273 42 1
268 44 1
269 40 1
273 42 1
272 43 1
271 43 1
269 42 1
274 44 1
271 45 1
268 42 1
272 42 1
268 43 1
269 41 1
315 58 1
314 56 1
316 55 1
315 59 1
313 59 1
318 57 1
317 58 1
318 57 1
317 57 1
313 58 1
315 56 1
314 57 1
312 56 1
317 61 1
318 59 1
316 56 1
325 59 1
327 59 1
323 56 1
327 61 1
325 58 1
329 59 1
326 61 1
329 62 1
326 57 1
327 60 1
324 60 1
327 60 1
325 59 1
325 62 1
328 58 1
325 59 1
300 54 1
301 52 1
302 54 1
302 51 1
303 52 1
303 56 1
305 53 1
304 53 1
303 51 1
303 54 1
304 51 1
303 52 1
304 52 1
300 54 1
304 54 1
304 53 1
278 41 1
277 44 1
279 44 1
277 44 1
277 45 1
275 40 1
277 44 1
278 42 1
278 43 1
277 43 1
278 42 1
278 41 1
275 44 1
279 44 1
274 44 1
277 41 1
282 53 1
283 52 1
280 56 1
283 56 1
282 57 1
282 54 1
279 57 1
284 54 1
281 53 1
284 53 1
282 52 1
279 57 1
284 55 1
283 54 1
281 54 1
284 54 1
304 53 1
302 53 1
302 51 1
303 53 1
306 52 1
305 54 1
304 54 1
306 54 1
302 52 1
304 53 1
303 53 1
301 53 1
305 56 1
305 53 1
306 53 1
304 53 1
308 69 1
308 67 1
308 70 1
311 71 1
309 70 1
306 69 1
311 70 1
309 69 1
310 71 1
311 71 1
308 69 1
307 68 1
309 69 1
309 67 1
311 73 1
308 71 1
341 67 1
338 67 1
342 64 1
341 65 1
341 62 1
339 64 1
341 62 1
340 66 1
339 64 1
341 66 1
342 64 1
342 65 1
344 65 1
341 64 1
341 66 1
344 66 1
282 46 1
280 48 1
283 47 1
281 48 1
282 46 1
282 48 1
279 46 1
285 47 1
282 50 1
285 51 1
283 50 1
279 46 1
284 46 1
281 51 1
281 50 1
280 47 1
300 48 1
298 49 1
298 48 1
299 49 1
301 45 1
300 47 1
297 50 1
298 49 1
299 48 1
301 48 1
298 46 1
301 48 1
301 49 1
299 48 1
296 46 1
296 47 1
294 51 1
293 52 1
293 54 1
290 53 1
293 54 1
294 53 1
293 52 1
296 52 1
294 52 1
294 56 1
293 54 1
294 53 1
290 52 1
293 53 1
291 52 1
292 51 1
371 81 1
376 81 1
370 78 1
372 77 1
372 81 1
375 79 1
373 78 1
375 81 1
374 81 1
373 80 1
371 80 1
374 77 1
372 78 1
373 79 1
372 78 1
374 78 1
384 69 1
381 66 1
384 68 1
382 68 1
378 69 1
380 69 1
380 71 1
382 68 1
380 68 1
380 72 1
381 69 1
381 69 1
383 71 1
379 70 1
379 67 1
381 70 1
382 51 1
381 52 1
382 50 1
381 50 1
381 54 1
385 48 1
381 52 1
379 53 1
381 51 1
381 50 1
382 51 1
383 51 1
382 50 1
384 50 1
381 50 1
384 52 1
373 66 1
375 70 1
375 70 1
374 68 1
372 68 1
372 66 1
374 68 1
373 67 1
375 70 1
372 65 1
374 66 1
375 70 1
370 69 1
375 67 1
372 67 1
374 68 1
351 62 1
353 62 1
353 61 1
352 62 1
352 62 1
352 62 1
354 64 1
355 63 1
353 65 1
352 63 1
354 62 1
351 62 1
353 63 1
351 63 1
352 61 1
355 64 1
336 59 1
338 62 1
336 59 1
335 60 1
339 60 1
335 60 1
338 58 1
339 59 1
335 59 1
336 59 1
339 59 1
337 58 1
337 60 1
337 58 1
339 58 1
338 57 1
326 41 1
324 43 1
326 42 1
325 44 1
324 43 1
328 40 1
326 42 1
325 42 1
327 40 1
327 41 1
327 42 1
326 42 1
326 40 1
325 39 1
326 42 1
324 40 1
317 57 1
319 57 1
319 58 1
318 57 1
321 58 1
317 57 1
319 58 1
319 58 1
317 56 1
319 55 1
316 55 1
319 57 1
316 57 1
318 56 1
322 58 1
316 54 1
291 44 1
289 46 1
292 45 1
290 42 1
291 42 1
290 45 1
289 44 1
289 43 1
293 42 1
293 45 1
288 43 1
289 43 1
290 43 1
289 43 1
290 44 1
289 45 1
281 53 1
282 52 1
283 55 1
281 52 1
279 54 1
283 56 1
283 52 1
280 52 1
280 51 1
284 54 1
282 54 1
282 54 1
281 53 1
281 56 1
285 52 1
283 55 1
278 48 1
280 46 1
281 48 1
279 51 1
279 47 1
280 47 1
283 51 1
283 49 1
280 46 1
282 48 1
281 49 1
283 49 1
281 50 1
281 48 1
281 48 1
282 48 1
281 52 1
283 54 1
281 52 1
281 50 1
282 51 1
280 51 1
282 51 1
284 49 1
281 52 1
280 49 1
280 49 1
282 52 1
284 49 1
279 51 1
278 51 1
279 51 1
249 44 1
251 45 1
250 42 1
251 41 1
252 46 1
251 45 1
249 42 1
251 46 1
253 42 1
253 45 1
250 42 1
251 42 1
251 44 1
251 43 1
251 44 1
250 45 1
254 52 1
257 50 1
258 50 1
258 49 1
255 50 1
253 47 1
254 52 1
255 50 1
259 51 1
258 48 1
253 52 1
254 52 1
258 52 1
254 50 1
254 51 1
256 51 1
254 53 1
257 54 1
256 54 1
259 56 1
259 53 1
255 55 1
259 56 1
258 53 1
256 52 1
257 54 1
259 56 1
258 54 1
257 54 1
257 53 1
258 53 1
256 53 1
280 62 1
280 64 1
278 64 1
282 64 1
279 62 1
281 64 1
279 62 1
280 63 1
279 63 1
280 65 1
279 60 1
279 64 1
280 61 1
279 61 1
282 63 1
276 64 1
261 53 1
263 53 1
265 53 1
261 54 1
263 56 1
266 53 1
263 54 1
264 56 1
263 52 1
261 51 1
266 55 1
261 53 1
261 53 1
263 52 1
263 51 1
264 54 1
284 40 1
287 39 1
285 40 1
283 41 1
284 40 1
288 44 1
287 41 1
289 39 1
285 38 1
287 40 1
286 44 1
286 38 1
286 42 1
286 41 1
286 44 1
286 41 1
281 57 1
279 56 1
280 57 1
281 58 1
280 58 1
279 61 1
278 56 1
277 58 1
277 57 1
280 58 1
281 57 1
277 61 1
276 56 1
280 60 1
278 58 1
278 58 1
289 49 1
292 51 1
291 53 1
290 53 1
294 51 1
292 50 1
288 51 1
291 51 1
292 49 1
290 50 1
288 52 1
293 51 1
290 50 1
292 53 1
293 51 1
291 52 1
315 58 1
315 56 1
317 55 1
315 57 1
313 56 1
315 56 1
316 55 1
313 59 1
314 56 1
315 59 1
316 56 1
314 57 1
312 58 1
314 55 1
314 58 1
314 56 1
320 75 1
322 77 1
319 77 1
320 76 1
321 77 1
320 74 1
320 74 1
320 75 1
319 73 1
318 77 1
322 76 1
322 75 1
321 76 1
324 74 1
319 76 1
321 75 1
244 65 1
243 70 1
243 68 1
246 67 1
243 65 1
247 71 1
246 66 1
246 70 1
245 70 1
244 68 1
246 65 1
245 67 1
244 67 1
246 67 1
242 70 1
245 66 1
436 68 1
436 71 1
436 70 1
434 68 1
435 70 1
436 69 1
436 74 1
435 69 1
438 68 1
438 70 1
436 69 1
436 72 1
436 74 1
439 73 1
437 72 1
436 69 1
357 114 1
360 112 1
360 111 1
358 112 1
357 113 1
362 115 1
359 113 1
360 111 1
361 113 1
359 117 1
358 113 1
362 114 1
360 116 1
359 114 1
359 113 1
363 113 1
327 72 1
324 73 1
324 70 1
324 70 1
325 74 1
325 70 1
328 70 1
325 73 1
328 73 1
326 70 1
327 71 1
326 69 1
326 72 1
327 71 1
327 68 1
324 71 1
307 60 1
308 61 1
306 61 1
306 62 1
307 63 1
307 63 1
306 64 1
307 61 1
305 64 1
305 64 1
308 62 1
305 62 1
308 62 1
309 64 1
305 64 1
308 60 1
285 59 1
283 62 1
285 61 1
282 61 1
282 61 1
285 63 1
281 62 1
285 63 1
282 63 1
286 62 1
281 62 1
284 62 1
283 61 1
282 60 1
285 60 1
280 62 1
275 60 1
276 60 1
277 60 1
276 60 1
276 63 1
277 59 1
275 58 1
273 61 1
278 59 1
279 61 1
276 62 1
276 60 1
277 60 1
279 61 1
277 64 1
275 59 1
285 70 1
285 73 1
285 76 1
286 70 1
287 75 1
286 72 1
282 74 1
283 73 1
282 73 1
285 75 1
283 71 1
284 71 1
285 72 1
284 74 1
287 73 1
287 74 1
335 62 1
339 62 1
337 65 1
335 64 1
338 64 1
338 60 1
335 64 1
335 64 1
338 65 1
337 61 1
335 62 1
337 61 1
336 63 1
337 63 1
338 63 1
340 62 1
214 73 1
215 71 1
211 73 1
214 75 1
212 72 1
211 74 1
214 75 1
215 75 1
213 74 1
216 74 1
214 73 1
211 73 1
212 75 1
211 73 1
213 76 1
212 73 1
353 79 1
350 78 1
352 77 1
352 79 1
349 77 1
350 79 1
355 79 1
351 75 1
349 77 1
355 78 1
351 78 1
350 76 1
354 76 1
352 80 1
350 77 1
352 78 1
316 49 1
318 48 1
317 50 1
317 47 1
317 48 1
316 50 1
317 50 1
316 47 1
315 48 1
317 50 1
315 46 1
317 50 1
314 50 1
316 52 1
315 48 1
315 49 1
332 53 1
337 55 1
337 55 1
335 54 1
332 54 1
334 58 1
338 55 1
334 55 1
336 53 1
334 52 1
334 56 1
337 56 1
333 54 1
334 57 1
334 55 1
334 54 1
312 53 1
310 50 1
311 54 1
309 53 1
311 50 1
310 52 1
312 49 1
312 51 1
312 49 1
310 52 1
309 51 1
312 55 1
308 52 1
307 50 1
310 54 1
310 51 1
283 49 1
283 46 1
282 49 1
283 48 1
282 48 1
283 49 1
281 49 1
283 46 1
283 51 1
282 49 1
282 48 1
279 49 1
281 47 1
282 47 1
281 48 1
283 49 1
261 47 1
264 49 1
264 49 1
261 48 1
263 47 1
260 45 1
264 48 1
263 49 1
262 48 1
265 48 1
264 48 1
260 47 1
261 44 1
261 45 1
260 50 1
262 47 1
280 51 1
275 53 1
279 51 1
277 54 1
279 50 1
274 53 1
276 53 1
275 54 1
277 49 1
280 49 1
274 53 1
279 50 1
276 50 1
276 55 1
279 50 1
279 52 1
288 53 1
290 53 1
293 52 1
291 54 1
292 51 1
291 49 1
292 49 1
293 54 1
290 54 1
290 49 1
290 52 1
294 52 1
288 50 1
289 48 1
290 51 1
291 51 1
270 53 1
269 55 1
270 55 1
267 52 1
271 56 1
267 54 1
271 52 1
272 54 1
270 56 1
270 54 1
270 54 1
269 51 1
269 54 1
269 54 1
270 54 1
268 54 1
277 49 1
280 50 1
277 51 1
280 49 1
279 48 1
277 50 1
281 48 1
278 50 1
280 49 1
278 49 1
279 50 1
281 51 1
278 50 1
279 47 1
279 51 1
279 49 1
281 53 1
282 49 1
281 54 1
280 51 1
279 49 1
280 51 1
279 53 1
282 53 1
283 52 1
279 51 1
283 48 1
277 51 1
280 50 1
279 53 1
283 51 1
282 51 1
369 64 1
371 64 1
370 62 1
372 66 1
372 62 1
372 63 1
369 62 1
369 63 1
371 66 1
371 63 1
373 63 1
372 65 1
372 64 1
370 64 1
373 60 1
372 60 1
313 45 1
315 41 1
314 47 1
315 43 1
313 42 1
316 43 1
313 44 1
315 45 1
311 43 1
310 41 1
311 43 1
313 45 1
313 43 1
313 46 1
311 44 1
315 44 1
308 59 1
314 61 1
311 59 1
313 59 1
310 62 1
309 57 1
311 62 1
313 59 1
311 59 1
313 59 1
314 59 1
310 60 1
310 59 1
312 57 1
311 60 1
310 56 1
299 56 1
300 54 1
297 56 1
301 56 1
303 53 1
299 56 1
300 57 1
300 56 1
298 57 1
300 54 1
302 55 1
298 54 1
299 53 1
300 56 1
301 55 1
300 57 1
311 59 1
311 63 1
314 60 1
311 62 1
310 61 1
313 61 1
311 60 1
314 59 1
312 60 1
312 62 1
309 64 1
311 62 1
311 63 1
312 62 1
312 60 1
309 58 1
266 45 1
269 41 1
266 41 1
266 44 1
267 42 1
265 43 1
269 42 1
264 44 1
267 41 1
269 43 1
269 41 1
268 41 1
270 44 1
267 42 1
267 42 1
270 45 1
260 44 1
264 45 1
260 46 1
260 47 1
259 47 1
262 43 1
258 44 1
263 47 1
258 45 1
260 45 1
261 44 1
262 43 1
263 43 1
262 44 1
260 43 1
258 46 1
289 43 1
292 42 1
291 42 1
293 41 1
288 39 1
290 40 1
288 41 1
290 43 1
290 45 1
291 43 1
290 43 1
292 42 1
291 45 1
292 40 1
291 43 1
290 40 1
278 41 1
281 45 1
278 42 1
279 41 1
279 44 1
277 41 1
280 42 1
279 40 1
279 42 1
277 42 1
281 43 1
277 44 1
282 44 1
280 44 1
280 41 1
281 40 1
318 67 1
320 66 1
317 65 1
318 64 1
320 65 1
317 66 1
320 66 1
319 64 1
320 65 1
319 65 1
321 66 1
319 64 1
318 69 1
320 65 1
318 67 1
320 66 1
331 53 1
331 52 1
330 52 1
329 52 1
332 51 1
332 55 1
330 51 1
331 54 1
332 54 1
328 52 1
330 53 1
333 54 1
330 55 1
332 55 1
331 55 1
333 52 1
282 65 1
282 66 1
284 63 1
282 66 1
281 67 1
281 67 1
280 66 1
284 62 1
281 63 1
284 68 1
281 66 1
281 67 1
279 67 1
282 62 1
283 65 1
283 64 1
325 61 1
326 64 1
323 61 1
326 61 1
327 60 1
324 60 1
324 62 1
328 62 1
325 59 1
323 61 1
327 61 1
323 62 1
323 58 1
328 62 1
326 59 1
326 63 1
319 61 1
320 63 1
316 63 1
315 62 1
318 61 1
318 63 1
316 63 1
317 61 1
315 62 1
317 64 1
316 64 1
316 60 1
318 61 1
319 64 1
318 62 1
315 64 1
300 62 1
299 63 1
303 66 1
298 63 1
303 65 1
299 66 1
302 62 1
300 65 1
300 66 1
297 65 1
298 62 1
302 65 1
302 68 1
300 64 1
301 67 1
303 63 1
266 65 1
264 67 1
264 67 1
266 65 1
262 66 1
265 66 1
266 64 1
264 65 1
267 69 1
266 67 1
263 65 1
265 67 1
267 68 1
262 67 1
265 69 1
263 67 1
264 70 1
263 67 1
268 71 1
264 68 1
266 69 1
266 68 1
268 70 1
263 68 1
267 69 1
265 68 1
265 69 1
264 70 1
264 70 1
263 65 1
266 69 1
267 68 1
277 44 1
278 42 1
278 44 1
277 41 1
274 45 1
275 40 1
275 43 1
274 43 1
277 41 1
276 43 1
277 41 1
278 43 1
275 43 1
276 40 1
273 42 1
274 44 1
312 61 1
313 58 1
311 59 1
315 59 1
313 58 1
311 60 1
313 56 1
312 59 1
313 57 1
313 57 1
313 60 1
312 60 1
313 60 1
310 58 1
315 58 1
313 58 1
282 62 1
282 63 1
282 63 1
285 63 1
285 63 1
284 62 1
285 66 1
284 63 1
281 63 1
282 63 1
283 64 1
282 62 1
284 65 1
284 64 1
281 65 1
282 64 1
305 70 1
308 69 1
305 68 1
305 71 1
304 70 1
305 71 1
306 69 1
305 70 1
305 72 1
304 70 1
306 68 1
305 68 1
305 71 1
305 70 1
306 67 1
308 71 1
271 54 1
271 53 1
272 53 1
273 54 1
272 50 1
273 52 1
274 53 1
271 51 1
273 53 1
274 51 1
270 51 1
271 52 1
274 51 1
269 52 1
273 52 1
272 53 1
245 42 1
243 44 1
245 45 1
246 42 1
247 46 1
246 44 1
249 43 1
245 41 1
245 42 1
246 41 1
249 44 1
249 46 1
244 40 1
248 40 1
243 45 1
246 43 1
247 55 1
248 53 1
247 54 1
249 55 1
249 53 1
245 52 1
245 53 1
251 56 1
248 54 1
246 52 1
245 55 1
249 54 1
246 52 1
246 54 1
246 52 1
245 54 1
298 47 1
293 46 1
296 46 1
298 46 1
297 49 1
297 44 1
298 50 1
296 45 1
296 47 1
296 50 1
298 47 1
299 46 1
296 48 1
295 45 1
293 47 1
296 47 1
269 48 1
267 46 1
267 47 1
267 45 1
267 44 1
269 47 1
265 48 1
265 46 1
266 49 1
266 49 1
269 47 1
268 49 1
270 48 1
269 47 1
265 48 1
269 44 1
273 60 1
274 61 1
271 60 1
272 60 1
276 58 1
273 59 1
271 60 1
275 61 1
272 60 1
274 59 1
274 57 1
273 61 1
274 57 1
271 61 1
274 61 1
271 60 1
319 50 1
317 48 1
317 49 1
318 49 1
317 49 1
321 47 1
318 48 1
318 47 1
319 48 1
317 47 1
321 47 1
318 49 1
316 46 1
316 46 1
320 46 1
317 49 1
285 58 1
285 57 1
286 56 1
286 59 1
288 60 1
287 57 1
289 57 1
287 58 1
288 59 1
290 58 1
287 60 1
289 56 1
288 59 1
290 59 1
284 56 1
286 57 1
282 47 1
279 47 1
278 49 1
283 51 1
278 48 1
281 49 1
282 50 1
280 48 1
282 50 1
280 49 1
278 46 1
282 48 1
281 49 1
278 48 1
280 49 1
278 48 1
276 45 1
281 49 1
279 45 1
279 45 1
278 47 1
277 46 1
281 45 1
279 46 1
278 45 1
279 45 1
279 50 1
277 50 1
280 48 1
280 44 1
281 48 1
280 48 1
275 45 1
269 48 1
273 44 1
270 47 1
272 45 1
273 45 1
271 46 1
270 45 1
274 45 1
270 44 1
271 44 1
271 42 1
272 42 1
275 45 1
269 48 1
270 46 1
260 52 1
259 50 1
257 53 1
261 49 1
257 51 1
258 54 1
259 52 1
261 51 1
260 54 1
260 53 1
260 52 1
260 51 1
260 52 1
260 54 1
262 51 1
261 52 1
271 48 1
271 48 1
268 46 1
269 48 1
268 48 1
269 48 1
269 47 1
271 46 1
267 47 1
271 49 1
271 47 1
269 50 1
270 48 1
270 47 1
272 46 1
272 46 1
281 55 1
283 51 1
282 55 1
284 54 1
279 52 1
284 55 1
283 53 1
279 53 1
284 56 1
284 55 1
282 50 1
282 54 1
280 51 1
284 55 1
283 52 1
283 53 1
218 46 1
218 46 1
217 46 1
218 47 1
217 48 1
220 45 1
220 47 1
217 47 1
217 48 1
216 48 1
214 47 1
219 49 1
218 48 1
218 48 1
216 47 1
215 47 1
193 56 1
191 60 1
190 54 1
192 57 1
192 57 1
191 59 1
192 57 1
192 58 1
190 56 1
193 57 1
190 58 1
193 57 1
189 55 1
189 55 1
192 56 1
190 56 1
245 51 1
243 53 1
245 52 1
242 55 1
243 49 1
245 53 1
245 53 1
244 53 1
245 51 1
247 49 1
242 54 1
245 52 1
246 53 1
246 52 1
246 54 1
244 54 1
245 37 1
243 38 1
243 37 1
242 37 1
240 36 1
242 36 1
242 37 1
243 34 1
242 38 1
243 36 1
243 38 1
240 36 1
243 34 1
241 36 1
240 36 1
242 39 1
280 46 1
279 47 1
280 45 1
282 45 1
282 46 1
283 46 1
278 46 1
280 45 1
279 46 1
281 47 1
280 47 1
283 47 1
280 44 1
280 44 1
280 46 1
282 45 1
276 49 1
275 52 1
274 51 1
279 48 1
276 48 1
276 53 1
276 49 1
277 49 1
274 51 1
277 51 1
276 54 1
279 52 1
273 51 1
277 52 1
275 51 1
275 51 1
377 72 1
378 70 1
376 76 1
379 76 1
376 72 1
378 72 1
375 74 1
377 73 1
377 72 1
376 74 1
375 74 1
377 70 1
373 74 1
377 74 1
374 74 1
377 75 1
397 84 1
398 84 1
396 79 1
393 80 1
397 81 1
397 81 1
394 83 1
394 79 1
397 82 1
393 84 1
396 80 1
395 83 1
394 84 1
397 81 1
394 84 1
397 82 1
388 69 1
389 67 1
390 66 1
387 65 1
389 64 1
391 66 1
389 66 1
391 66 1
391 67 1
389 68 1
388 66 1
390 66 1
391 66 1
388 67 1
389 64 1
389 67 1
384 56 1
387 57 1
386 56 1
386 55 1
387 55 1
387 57 1
388 54 1
388 57 1
389 53 1
385 54 1
387 53 1
383 52 1
386 55 1
386 55 1
385 58 1
386 54 1
374 60 1
377 56 1
378 57 1
376 58 1
376 59 1
374 61 1
376 58 1
379 59 1
374 59 1
378 56 1
378 60 1
376 60 1
377 59 1
377 62 1
377 60 1
376 58 1
380 53 1
383 55 1
380 53 1
384 54 1
382 55 1
382 55 1
380 53 1
382 57 1
382 56 1
382 53 1
379 55 1
380 55 1
381 54 1
382 55 1
381 51 1
381 52 1
296 53 1
295 53 1
294 54 1
296 52 1
294 52 1
293 50 1
298 54 1
295 52 1
294 51 1
295 52 1
294 53 1
295 52 1
295 53 1
293 53 1
296 52 1
296 51 1
294 50 1
294 47 1
294 52 1
290 52 1
293 49 1
292 49 1
294 48 1
292 48 1
290 51 1
295 49 1
295 50 1
294 50 1
292 53 1
293 50 1
294 48 1
292 48 1
324 63 1
326 65 1
326 60 1
326 62 1
327 63 1
323 62 1
324 61 1
324 61 1
328 64 1
327 63 1
327 60 1
323 59 1
325 60 1
325 61 1
322 61 1
324 63 1
323 59 1
325 61 1
323 58 1
326 59 1
325 58 1
325 63 1
322 59 1
325 59 1
325 60 1
326 62 1
324 63 1
323 60 1
327 61 1
322 61 1
326 60 1
328 63 1
304 53 1
304 51 1
301 50 1
302 54 1
304 53 1
301 53 1
301 50 1
305 54 1
299 50 1
301 54 1
303 52 1
304 49 1
301 50 1
302 54 1
303 50 1
303 52 1
285 55 1
286 58 1
286 54 1
284 57 1
286 54 1
285 57 1
283 57 1
285 54 1
284 57 1
283 54 1
284 53 1
286 59 1
287 56 1
286 56 1
284 56 1
285 57 1
278 56 1
279 59 1
280 61 1
277 56 1
276 57 1
280 60 1
278 58 1
279 57 1
279 60 1
279 57 1
280 57 1
279 59 1
280 58 1
278 55 1
281 59 1
277 57 1
283 51 1
283 52 1
281 52 1
283 54 1
284 48 1
281 51 1
282 49 1
282 51 1
283 51 1
280 49 1
282 51 1
284 51 1
283 52 1
284 49 1
283 51 1
283 52 1
258 55 1
258 56 1
255 50 1
259 53 1
256 51 1
256 56 1
256 55 1
258 52 1
261 51 1
258 51 1
258 51 1
258 53 1
257 55 1
258 51 1
257 50 1
259 52 1
299 57 1
298 55 1
300 56 1
297 57 1
299 54 1
295 56 1
298 57 1
298 57 1
299 54 1
301 55 1
299 55 1
297 56 1
296 56 1
296 57 1
298 58 1
298 56 1
297 47 1
296 49 1
293 49 1
297 48 1
298 49 1
296 52 1
297 48 1
296 53 1
295 48 1
294 50 1
293 51 1
297 50 1
295 50 1
295 51 1
298 48 1
297 48 1
299 59 1
300 58 1
300 58 1
297 55 1
297 58 1
300 58 1
300 59 1
301 60 1
301 58 1
297 56 1
301 56 1
298 58 1
300 59 1
300 61 1
302 57 1
297 58 1
314 59 1
315 55 1
315 58 1
313 56 1
315 56 1
313 57 1
317 60 1
315 56 1
314 58 1
316 56 1
313 57 1
315 57 1
316 60 1
314 57 1
315 57 1
313 58 1
223 39 1
220 38 1
222 38 1
223 35 1
221 40 1
221 38 1
222 39 1
221 38 1
222 40 1
223 40 1
222 36 1
224 40 1
222 38 1
222 36 1
223 37 1
223 40 1
274 63 1
276 64 1
274 65 1
275 64 1
274 65 1
274 65 1
271 64 1
272 65 1
276 64 1
276 67 1
274 64 1
272 64 1
272 66 1
273 62 1
272 66 1
276 63 1
270 50 1
273 49 1
271 52 1
272 52 1
271 50 1
272 50 1
272 49 1
272 51 1
272 51 1
272 51 1
273 47 1
272 49 1
273 49 1
274 51 1
275 50 1
273 50 1
270 49 1
270 46 1
271 47 1
270 46 1
270 52 1
271 47 1
270 48 1
267 48 1
267 50 1
272 51 1
266 48 1
268 52 1
270 51 1
268 49 1
269 49 1
267 46 1
253 35 1
248 39 1
251 35 1
252 37 1
253 36 1
252 38 1
248 36 1
253 37 1
248 36 1
249 38 1
251 36 1
252 39 1
248 38 1
250 35 1
251 34 1
251 34 1
270 60 1
270 61 1
271 62 1
270 60 1
273 62 1
272 59 1
271 62 1
270 58 1
270 60 1
269 60 1
272 58 1
270 60 1
270 60 1
271 61 1
268 57 1
272 60 1
272 48 1
276 43 1
275 44 1
271 43 1
271 48 1
271 45 1
272 46 1
273 42 1
275 46 1
273 44 1
274 46 1
270 46 1
274 45 1
273 48 1
272 44 1
274 46 1
274 50 1
271 50 1
275 52 1
272 48 1
275 47 1
271 49 1
275 48 1
272 50 1
275 49 1
271 50 1
275 49 1
276 49 1
273 47 1
275 49 1
275 48 1
275 48 1
274 44 1
270 43 1
272 45 1
270 47 1
269 45 1
272 43 1
272 46 1
268 44 1
268 46 1
271 44 1
269 44 1
270 42 1
268 45 1
270 46 1
270 46 1
270 48 1
249 43 1
251 45 1
251 47 1
252 44 1
251 46 1
253 46 1
251 44 1
252 44 1
254 46 1
250 46 1
249 46 1
252 46 1
254 46 1
250 45 1
250 43 1
250 48 1
251 47 1
252 45 1
249 48 1
250 48 1
251 48 1
251 46 1
247 46 1
251 46 1
249 49 1
251 46 1
248 46 1
252 46 1
252 49 1
249 44 1
250 46 1
252 46 1
269 55 1
266 52 1
267 53 1
269 53 1
270 51 1
270 55 1
266 52 1
265 53 1
267 53 1
267 51 1
266 55 1
269 56 1
265 53 1
269 54 1
265 53 1
268 51 1
287 57 1
287 59 1
285 56 1
290 56 1
289 59 1
291 56 1
289 58 1
286 58 1
287 54 1
288 58 1
288 58 1
288 58 1
288 57 1
289 56 1
285 60 1
285 57 1
282 52 1
281 54 1
280 52 1
279 52 1
282 52 1
281 54 1
281 52 1
280 54 1
281 49 1
281 52 1
278 50 1
277 53 1
279 49 1
277 53 1
278 51 1
278 54 1
264 40 1
264 39 1
265 38 1
263 38 1
261 36 1
263 37 1
260 36 1
264 39 1
262 40 1
263 37 1
261 36 1
261 37 1
264 35 1
262 36 1
262 40 1
264 39 1
239 39 1
235 41 1
235 37 1
238 39 1
237 41 1
241 40 1
236 40 1
238 39 1
237 42 1
240 39 1
238 39 1
236 39 1
238 40 1
237 37 1
239 40 1
239 40 1
274 40 1
275 41 1
277 43 1
279 42 1
276 45 1
274 45 1
279 42 1
274 44 1
276 46 1
278 42 1
277 43 1
274 42 1
276 44 1
279 42 1
274 42 1
278 43 1
283 61 1
282 62 1
279 59 1
280 60 1
281 60 1
283 60 1
284 59 1
284 58 1
281 59 1
280 58 1
282 60 1
281 61 1
281 58 1
280 59 1
280 60 1
283 57 1
267 54 1
269 56 1
265 55 1
268 56 1
268 55 1
265 56 1
266 52 1
269 55 1
267 56 1
268 54 1
266 54 1
267 55 1
266 55 1
268 53 1
268 53 1
269 57 1
258 42 1
261 41 1
257 39 1
262 38 1
258 38 1
260 42 1
260 40 1
260 41 1
260 38 1
257 40 1
259 43 1
260 41 1
256 39 1
259 41 1
260 39 1
260 37 1
264 43 1
262 40 1
262 42 1
264 42 1
262 39 1
265 41 1
264 42 1
265 40 1
263 38 1
261 43 1
262 40 1
263 39 1
266 42 1
264 43 1
260 42 1
264 44 1
190 38 1
188 41 1
187 37 1
188 38 1
189 36 1
188 37 1
186 39 1
191 37 1
186 37 1
188 38 1
186 37 1
187 37 1
187 38 1
190 40 1
191 37 1
185 39 1
243 42 1
245 42 1
243 45 1
244 42 1
245 42 1
248 43 1
244 41 1
245 42 1
246 45 1
248 40 1
246 43 1
245 42 1
245 46 1
248 42 1
245 46 1
247 42 1
337 63 1
340 61 1
339 63 1
337 63 1
338 61 1
335 60 1
337 61 1
338 61 1
335 59 1
338 62 1
338 61 1
338 63 1
338 62 1
338 62 1
340 59 1
339 63 1
326 52 1
328 49 1
325 49 1
326 49 1
326 50 1
325 46 1
327 51 1
326 52 1
327 47 1
329 51 1
326 48 1
324 47 1
325 47 1
326 47 1
327 50 1
324 52 1
331 62 1
332 58 1
332 60 1
332 62 1
333 61 1
332 61 1
332 58 1
330 59 1
330 59 1
327 62 1
331 61 1
330 63 1
329 59 1
332 62 1
330 61 1
328 60 1
419 73 1
419 70 1
416 71 1
420 71 1
420 76 1
418 73 1
419 74 1
417 74 1
419 73 1
416 73 1
417 74 1
420 75 1
417 71 1
418 73 1
418 72 1
419 72 1
322 60 1
318 58 1
321 56 1
318 58 1
317 61 1
320 59 1
319 59 1
321 59 1
316 57 1
320 56 1
316 57 1
317 59 1
322 56 1
322 58 1
318 61 1
322 61 1
308 70 1
304 66 1
304 70 1
309 66 1
308 67 1
308 71 1
307 69 1
307 68 1
307 68 1
308 68 1
310 69 1
306 65 1
304 68 1
308 68 1
306 69 1
305 69 1
292 51 1
292 49 1
290 51 1
291 53 1
293 50 1
291 50 1
293 52 1
293 53 1
290 51 1
292 50 1
292 51 1
296 49 1
292 49 1
294 52 1
292 53 1
291 51 1
308 66 1
308 67 1
311 66 1
311 68 1
310 66 1
305 66 1
308 68 1
306 68 1
306 68 1
309 65 1
309 69 1
305 64 1
307 67 1
306 66 1
305 66 1
308 66 1
309 55 1
309 53 1
311 59 1
308 58 1
310 59 1
308 58 1
309 54 1
309 57 1
308 54 1
308 53 1
311 58 1
309 57 1
308 59 1
308 54 1
309 56 1
309 59 1
293 59 1
295 60 1
291 59 1
292 59 1
292 57 1
291 58 1
295 58 1
291 60 1
290 58 1
290 60 1
292 58 1
294 59 1
295 59 1
292 58 1
293 60 1
293 61 1
289 59 1
285 57 1
288 61 1
286 59 1
285 57 1
284 60 1
287 60 1
285 58 1
287 57 1
286 58 1
286 61 1
286 59 1
286 60 1
283 57 1
287 61 1
283 58 1
270 66 1
268 66 1
270 62 1
272 62 1
270 68 1
269 62 1
268 64 1
268 66 1
270 66 1
270 64 1
270 65 1
269 64 1
272 66 1
270 66 1
272 66 1
270 66 1
262 47 1
263 48 1
261 48 1
260 48 1
261 51 1
258 45 1
262 48 1
258 49 1
259 48 1
263 47 1
263 51 1
258 48 1
264 46 1
263 46 1
259 51 1
261 49 1
274 53 1
276 57 1
275 56 1
277 58 1
276 54 1
278 56 1
275 54 1
273 53 1
272 57 1
274 56 1
272 56 1
272 57 1
277 55 1
275 55 1
277 53 1
278 53 1
277 48 1
276 47 1
276 48 1
278 48 1
277 47 1
274 49 1
278 49 1
279 48 1
275 45 1
275 49 1
277 45 1
276 46 1
276 48 1
277 45 1
280 47 1
278 49 1
304 51 1
303 49 1
305 49 1
303 51 1
302 46 1
305 49 1
303 47 1
303 49 1
301 49 1
302 48 1
303 50 1
304 48 1
302 49 1
302 49 1
305 50 1
304 49 1
309 52 1
311 53 1
310 54 1
309 51 1
306 52 1
312 55 1
309 52 1
309 51 1
310 53 1
309 54 1
312 53 1
312 54 1
310 51 1
310 51 1
307 53 1
309 54 1
274 51 1
271 48 1
277 52 1
273 50 1
272 51 1
273 48 1
276 51 1
273 51 1
274 49 1
275 52 1
273 51 1
274 48 1
272 47 1
271 52 1
276 48 1
275 52 1
279 56 1
283 56 1
279 57 1
280 56 1
279 59 1
281 57 1
280 57 1
281 60 1
281 57 1
279 60 1
281 59 1
281 57 1
280 57 1
282 60 1
279 57 1
281 55 1
280 62 1
278 60 1
282 59 1
280 64 1
280 61 1
278 61 1
281 62 1
276 62 1
277 60 1
276 61 1
278 59 1
277 62 1
282 63 1
280 63 1
280 62 1
281 59 1
285 71 1
285 72 1
285 76 1
288 74 1
287 75 1
283 75 1
287 73 1
282 72 1
288 74 1
287 73 1
285 72 1
286 70 1
284 73 1
282 72 1
286 70 1
288 74 1
191 74 1
192 72 1
195 71 1
194 72 1
192 71 1
196 72 1
193 73 1
196 71 1
191 71 1
192 73 1
194 75 1
190 72 1
190 74 1
193 72 1
193 71 1
191 71 1
359 65 1
359 65 1
362 61 1
359 62 1
360 64 1
362 66 1
358 66 1
363 62 1
360 65 1
361 67 1
362 64 1
357 66 1
357 63 1
357 65 1
357 67 1
359 62 1
303 44 1
308 39 1
304 43 1
303 40 1
305 41 1
307 41 1
305 44 1
305 42 1
305 42 1
305 43 1
305 43 1
302 44 1
306 41 1
305 41 1
306 41 1
306 41 1
308 53 1
309 53 1
304 51 1
308 50 1
305 51 1
303 53 1
304 50 1
308 52 1
307 51 1
306 49 1
307 54 1
306 50 1
306 54 1
304 51 1
305 53 1
303 54 1
296 45 1
299 45 1
295 45 1
296 46 1
293 48 1
295 43 1
296 47 1
297 46 1
295 43 1
298 43 1
298 47 1
297 44 1
296 47 1
297 45 1
296 45 1
294 47 1
306 54 1
307 54 1
306 52 1
305 54 1
304 51 1
310 53 1
308 54 1
306 50 1
307 54 1
309 53 1
308 54 1
306 52 1
307 51 1
307 53 1
308 52 1
307 52 1
257 45 1
255 46 1
258 48 1
253 47 1
257 48 1
259 45 1
257 46 1
256 45 1
259 45 1
258 49 1
254 47 1
258 48 1
256 45 1
255 44 1
258 44 1
258 45 1
262 44 1
268 45 1
265 43 1
263 47 1
263 43 1
266 44 1
265 42 1
266 42 1
266 44 1
265 44 1
264 46 1
266 46 1
267 44 1
266 46 1
266 41 1
265 43 1
284 51 1
285 48 1
283 46 1
285 48 1
284 46 1
285 47 1
286 51 1
284 52 1
286 49 1
288 47 1
287 48 1
288 49 1
288 47 1
285 46 1
285 47 1
287 52 1
272 45 1
272 44 1
275 44 1
270 43 1
274 43 1
272 42 1
275 45 1
273 44 1
270 41 1
270 44 1
269 41 1
273 43 1
269 44 1
273 43 1
273 42 1
273 42 1
315 63 1
313 64 1
312 65 1
314 64 1
315 66 1
315 67 1
314 64 1
313 67 1
314 64 1
314 63 1
311 67 1
311 62 1
313 63 1
313 65 1
315 65 1
314 66 1
339 55 1
340 53 1
339 56 1
339 56 1
338 52 1
339 53 1
340 54 1
339 56 1
341 55 1
339 53 1
337 50 1
337 55 1
338 55 1
339 55 1
337 54 1
337 50 1
268 54 1
271 54 1
269 52 1
269 52 1
270 49 1
269 51 1
269 55 1
271 54 1
271 51 1
267 49 1
269 52 1
270 52 1
269 52 1
268 53 1
271 50 1
268 52 1
311 53 1
311 57 1
313 53 1
312 58 1
311 55 1
308 53 1
311 55 1
310 53 1
311 55 1
311 56 1
311 54 1
312 52 1
309 55 1
313 52 1
310 56 1
311 53 1
299 55 1
301 55 1
300 55 1
301 56 1
300 55 1
299 54 1
303 53 1
300 55 1
300 52 1
300 53 1
299 54 1
299 51 1
302 51 1
300 52 1
301 52 1
303 52 1
275 63 1
274 63 1
276 62 1
274 60 1
275 63 1
274 62 1
275 62 1
279 60 1
277 60 1
279 63 1
277 61 1
277 62 1
278 60 1
275 62 1
275 59 1
277 62 1
253 58 1
251 59 1
254 58 1
253 57 1
253 60 1
255 59 1
256 59 1
254 58 1
251 57 1
253 60 1
255 56 1
254 59 1
253 58 1
253 58 1
253 58 1
250 59 1
258 61 1
258 61 1
253 60 1
256 58 1
258 60 1
259 62 1
258 62 1
253 60 1
255 62 1
254 59 1
256 59 1
257 63 1
256 59 1
254 60 1
256 60 1
257 59 1
258 49 1
261 51 1
260 52 1
262 49 1
261 49 1
262 51 1
262 53 1
261 51 1
262 50 1
260 50 1
260 52 1
261 52 1
259 48 1
259 51 1
261 47 1
261 51 1
284 62 1
285 59 1
287 62 1
287 61 1
283 61 1
284 63 1
287 64 1
284 63 1
287 60 1
282 62 1
283 58 1
285 62 1
285 59 1
283 58 1
285 58 1
285 62 1
309 52 1
312 53 1
312 53 1
311 55 1
311 51 1
310 54 1
309 52 1
312 53 1
313 54 1
311 53 1
310 54 1
313 52 1
309 52 1
312 51 1
310 51 1
311 53 1
304 38 1
301 39 1
302 39 1
304 37 1
302 39 1
303 35 1
303 35 1
302 35 1
302 36 1
303 39 1
303 38 1
301 37 1
304 35 1
303 36 1
305 34 1
302 39 1
283 36 1
284 36 1
282 36 1
285 34 1
282 36 1
283 34 1
284 36 1
286 36 1
283 38 1
286 35 1
283 33 1
282 35 1
283 33 1
285 34 1
281 33 1
283 38 1
279 38 1
277 42 1
280 41 1
281 43 1
280 43 1
277 38 1
280 37 1
276 40 1
278 43 1
279 40 1
275 39 1
277 40 1
281 41 1
277 39 1
277 39 1
280 38 1
263 47 1
266 43 1
264 48 1
264 46 1
262 45 1
262 44 1
261 47 1
266 45 1
264 47 1
262 46 1
264 44 1
266 46 1
262 49 1
262 49 1
263 45 1
265 47 1
238 39 1
236 42 1
240 36 1
237 39 1
239 38 1
239 39 1
238 38 1
240 38 1
238 41 1
239 42 1
240 40 1
238 39 1
237 39 1
239 40 1
238 40 1
240 36 1
237 42 1
236 41 1
238 42 1
237 41 1
237 40 1
236 40 1
235 39 1
237 40 1
237 42 1
233 39 1
235 41 1
235 41 1
237 41 1
235 40 1
237 39 1
236 41 1
254 42 1
252 43 1
255 42 1
257 43 1
255 43 1
254 45 1
256 41 1
254 43 1
254 42 1
255 43 1
255 46 1
255 45 1
254 46 1
254 44 1
256 44 1
255 45 1
226 36 1
227 33 1
225 35 1
228 36 1
226 35 1
228 35 1
226 35 1
227 36 1
230 36 1
227 33 1
224 34 1
229 38 1
228 36 1
225 32 1
228 34 1
226 36 1
242 43 1
242 44 1
242 43 1
244 40 1
245 39 1
240 39 1
244 44 1
241 42 1
245 44 1
240 39 1
243 43 1
244 42 1
244 39 1
245 45 1
240 43 1
246 41 1
243 36 1
243 33 1
246 33 1
248 38 1
246 37 1
246 37 1
243 34 1
247 35 1
246 34 1
246 34 1
248 36 1
246 33 1
246 33 1
246 37 1
246 36 1
248 34 1
246 45 1
247 43 1
244 43 1
246 43 1
247 40 1
249 43 1
247 44 1
245 44 1
246 44 1
248 44 1
245 42 1
248 44 1
245 44 1
248 41 1
247 44 1
245 45 1
264 37 1
261 40 1
261 39 1
261 36 1
261 38 1
259 38 1
261 38 1
261 40 1
259 37 1
262 40 1
261 37 1
263 38 1
261 38 1
259 38 1
259 40 1
261 39 1
217 40 1
216 40 1
215 37 1
216 38 1
216 41 1
217 40 1
218 41 1
215 39 1
219 38 1
215 36 1
213 41 1
216 40 1
216 37 1
216 40 1
219 39 1
218 39 1
301 49 1
305 45 1
303 46 1
300 45 1
303 46 1
305 46 1
305 48 1
300 48 1
304 47 1
306 47 1
302 49 1
302 47 1
306 45 1
306 47 1
304 46 1
301 46 1
244 34 1
244 37 1
246 36 1
242 33 1
245 34 1
244 34 1
243 35 1
243 34 1
243 32 1
242 36 1
246 36 1
244 36 1
244 37 1
246 36 1
244 36 1
244 35 1
204 45 1
202 46 1
203 44 1
205 43 1
204 45 1
202 42 1
205 44 1
200 43 1
203 48 1
202 42 1
204 43 1
202 45 1
203 43 1
201 45 1
201 47 1
199 44 1
270 39 1
272 36 1
273 36 1
274 36 1
273 41 1
272 41 1
271 38 1
272 40 1
272 37 1
274 39 1
273 39 1
271 40 1
272 41 1
273 38 1
273 39 1
271 41 1
250 42 1
252 39 1
251 43 1
251 42 1
252 43 1
251 44 1
252 41 1
250 44 1
250 45 1
248 45 1
254 41 1
252 43 1
252 40 1
253 42 1
252 45 1
250 41 1
215 42 1
212 44 1
213 40 1
215 43 1
213 43 1
211 42 1
213 41 1
213 40 1
211 42 1
211 44 1
215 41 1
215 42 1
214 43 1
213 41 1
213 45 1
214 43 1
226 41 1
228 41 1
223 41 1
226 42 1
226 40 1
225 43 1
225 42 1
225 39 1
224 43 1
226 42 1
226 41 1
224 44 1
223 41 1
225 41 1
225 41 1
222 42 1
230 37 1
232 36 1
232 37 1
230 38 1
229 36 1
231 37 1
231 36 1
229 39 1
231 37 1
231 37 1
229 37 1
231 39 1
231 40 1
229 38 1
231 38 1
228 35 1
241 46 1
242 49 1
242 46 1
241 50 1
244 47 1
246 48 1
244 48 1
241 49 1
242 50 1
245 48 1
243 44 1
243 48 1
246 44 1
243 46 1
242 45 1
243 47 1
181 252 0
72 288 0
1019 38 0
90 275 0
122 47 0
835 33 0
872 20 0
22 56 0
172 289 0
1106 39 0
28 340 0
785 184 0
182 297 0
100 51 0
613 176 0
853 41 0
5 263 0
1107 314 0
45 275 0
51 52 0
3 311 0
143 33 0
102 323 0
132 40 0
919 348 0
18 50 0
507 48 0
128 23 0
104 14 0
17 303 0
38 347 0
24 56 0
84 17 0
9 264 0
622 238 0
556 7 0
660 21 0
26 4 0
49 2 0
409 260 0
516 24 0
478 202 0
510 14 0
23 24 0
63 325 0
29 298 0
63 17 0
278 38 0
291 1 0
67 243 0
1304 12 0
44 1 0
70 33 0
132 156 0
784 204 0
768 25 0
1 139 0
1220 203 0
114 26 0
102 7 0
770 179 0
977 145 0
962 35 0
111 14 0
73 210 0
1013 11 0
7 25 0
69 138 0
709 189 0
57 14 0
697 131 0
125 195 0
15 168 0
19 210 0
70 9 0
101 20 0
123 120 0
15 173 0
134 188 0
656 36 0
610 24 0
707 26 0
619 25 0
60 28 0
468 140 0
444 203 0
399 26 0
38 24 0
488 35 0
423 118 0
374 20 0
22 136 0
72 179 0
39 8 0
416 154 0
429 121 0
19 158 0
19 199 0
71 158 0
420 183 0
140 4 0
47 15 0
204 83 0
191 12 0
111 6 0
20 82 0
1090 5 0
1014 94 0
1043 95 0
82 15 0
121 58 0
1107 65 0
638 91 0
106 59 0
813 15 0
575 70 0
691 4 0
177 83 0
131 83 0
851 88 0
5 1 0
77 56 0
891 77 0
152 11 0
664 13 0
657 93 0
66 81 0
85 59 0
910 93 0
757 82 0
107 53 0
78 12 0
89 14 0
18 89 0
50 73 0
10 79 0
658 74 0
8 9 0
84 67 0
38 1 0
11 89 0
53 95 0
384 9 0
60 88 0
402 75 0
523 5 0
437 3 0
74 12 0
461 7 0
446 8 0
